0 0.521875 0.345313 0.509375 0.342187 0.439063 0.343750 0.420312 0.359375 0.412500 0.360938 0.407813 0.371875 0.376563 0.396875 0.373437 0.417187 0.404687 0.435937 0.451562 0.435937 0.470313 0.425000 0.471875 0.401562 0.481250 0.381250 0.503125 0.359375 0.506250 0.360938 0.521875 0.350000
0 0.435937 0.995313 0.435937 1.000000 0.607812 1.000000 0.607812 0.990625 0.592187 0.981250 0.559375 0.973437 0.526563 0.970313 0.471875 0.971875 0.446875 0.984375
0 0.421875 0.993750 0.435937 0.995313 0.446875 0.984375 0.467187 0.973437 0.492188 0.968750 0.553125 0.971875 0.609375 0.987500 0.615625 0.984375 0.625000 0.937500 0.625000 0.920312 0.615625 0.918750 0.596875 0.923438 0.545312 0.917188 0.501563 0.917188 0.471875 0.926562 0.451562 0.940625 0.439063 0.965625 0.429688 0.970313
0 0.656250 0.859375 0.621875 0.848437 0.553125 0.845313 0.501563 0.851562 0.468750 0.860938 0.457813 0.887500 0.445312 0.906250 0.439063 0.921875 0.439063 0.932813 0.442188 0.937500 0.451562 0.937500 0.473438 0.925000 0.503125 0.915625 0.545312 0.915625 0.593750 0.921875 0.623437 0.917188
0 0.654687 0.800000 0.648438 0.792188 0.615625 0.784375 0.564063 0.784375 0.487500 0.793750 0.475000 0.803125 0.468750 0.828125 0.454688 0.856250 0.460938 0.860938 0.468750 0.860938 0.504687 0.850000 0.578125 0.843750 0.615625 0.846875 0.656250 0.857812 0.660937 0.851562 0.660937 0.837500 0.656250 0.823438
0 0.667188 0.735938 0.582812 0.726562 0.562500 0.726562 0.500000 0.742188 0.496875 0.746875 0.489063 0.746875 0.478125 0.753125 0.462500 0.778125 0.464062 0.782813 0.456250 0.790625 0.457813 0.798438 0.467187 0.800000 0.507812 0.787500 0.568750 0.782813 0.615625 0.782813 0.648438 0.787500 0.664062 0.751563
0 0.671875 0.698438 0.668750 0.690625 0.653125 0.675000 0.645312 0.671875 0.612500 0.667188 0.571875 0.668750 0.510938 0.689063 0.484375 0.720313 0.475000 0.745313 0.482812 0.748437 0.517188 0.735938 0.562500 0.726562 0.592187 0.726562 0.645312 0.735938 0.667188 0.734375 0.671875 0.726562
0 0.687500 0.598437 0.682813 0.592187 0.673438 0.590625 0.670312 0.600000 0.660937 0.606250 0.601562 0.604688 0.532813 0.628125 0.521875 0.634375 0.509375 0.648438 0.500000 0.668750 0.484375 0.687500 0.482812 0.698438 0.485938 0.701562 0.498437 0.700000 0.518750 0.684375 0.578125 0.667188 0.632812 0.668750 0.651563 0.673438 0.662500 0.682813 0.675000 0.685937 0.679688 0.679688 0.678125 0.643750 0.685937 0.618750
0 0.671875 0.571875 0.662500 0.564063 0.628125 0.554688 0.590625 0.556250 0.534375 0.567187 0.517188 0.581250 0.510938 0.595313 0.503125 0.634375 0.504687 0.645312 0.510938 0.645312 0.518750 0.635938 0.534375 0.626563 0.593750 0.606250 0.610938 0.603125 0.664062 0.604688 0.671875 0.595313
0 0.693750 0.503125 0.690625 0.496875 0.681250 0.498437 0.676562 0.510938 0.671875 0.514062 0.640625 0.509375 0.575000 0.509375 0.537500 0.517188 0.525000 0.529687 0.517188 0.556250 0.515625 0.581250 0.518750 0.582812 0.537500 0.565625 0.545312 0.562500 0.603125 0.554688 0.640625 0.556250 0.690625 0.575000 0.698438 0.575000 0.701562 0.565625 0.695312 0.543750
0 0.689063 0.465625 0.685937 0.457813 0.670312 0.453125 0.650000 0.451562 0.587500 0.456250 0.542188 0.471875 0.521875 0.482812 0.492188 0.485938 0.489063 0.496875 0.500000 0.507812 0.518750 0.517188 0.587500 0.509375 0.634375 0.509375 0.675000 0.515625 0.679688 0.509375 0.681250 0.496875 0.687500 0.489063
0 0.029687 0.767188 0.000000 0.764062 0.000000 0.871875 0.021875 0.853125 0.031250 0.837500 0.034375 0.815625 0.045312 0.781250 0.037500 0.770312
0 0.106250 0.704688 0.095312 0.706250 0.090625 0.712500 0.076563 0.717187 0.059375 0.717187 0.018750 0.707812 0.000000 0.707812 0.000000 0.760938 0.020313 0.762500 0.037500 0.770312 0.048438 0.779687 0.064062 0.781250 0.068750 0.775000 0.073438 0.748437 0.101562 0.717187
0 0.439063 0.339062 0.425000 0.332813 0.414062 0.332813 0.400000 0.337500 0.375000 0.335938 0.360938 0.340625 0.332813 0.384375 0.332813 0.400000 0.340625 0.406250 0.375000 0.417187 0.370312 0.412500 0.371875 0.396875 0.376563 0.398438 0.381250 0.390625 0.387500 0.389062 0.395313 0.376563 0.403125 0.373437 0.415625 0.357812 0.435937 0.346875
0 0.137500 0.640625 0.126562 0.643750 0.109375 0.667188 0.092188 0.679688 0.032813 0.673438 0.000000 0.664062 0.000000 0.706250 0.037500 0.709375 0.059375 0.715625 0.092188 0.712500 0.096875 0.704688 0.112500 0.701562 0.125000 0.687500
0 0.142187 0.540625 0.135937 0.535937 0.123438 0.535937 0.110937 0.540625 0.082812 0.565625 0.056250 0.573438 0.028125 0.592187 0.000000 0.604688 0.000000 0.662500 0.043750 0.673438 0.065625 0.673438 0.087500 0.678125 0.100000 0.675000 0.140625 0.626563 0.142187 0.615625 0.148438 0.606250 0.148438 0.595313 0.117188 0.575000 0.118750 0.570312 0.134375 0.562500 0.143750 0.553125
0 1.000000 0.376563 0.976562 0.423438 0.978125 0.435937 1.000000 0.435937
0 0.864062 0.382812 0.860938 0.407813 0.867188 0.418750 0.920312 0.425000 0.971875 0.426563 0.976562 0.423438 0.993750 0.384375 1.000000 0.378125 1.000000 0.343750 0.909375 0.331250 0.889062 0.345313
0 0.884375 0.345313 0.864062 0.342187 0.835938 0.343750 0.820312 0.348438 0.798438 0.360938 0.781250 0.376563 0.765625 0.406250 0.764062 0.428125 0.776563 0.429688 0.806250 0.421875 0.859375 0.420312 0.862500 0.385937 0.881250 0.357812
0 0.709375 0.423438 0.689063 0.409375 0.668750 0.404687 0.656250 0.404687 0.653125 0.409375 0.625000 0.415625 0.573438 0.418750 0.556250 0.426563 0.528125 0.448437 0.517188 0.470313 0.515625 0.481250 0.521875 0.482812 0.585938 0.457813 0.650000 0.453125 0.687500 0.456250 0.707812 0.439063
0 0.517188 0.195312 0.517188 0.210938 0.531250 0.235937 0.528125 0.284375 0.529687 0.345313 0.540625 0.362500 0.568750 0.373437 0.593750 0.375000 0.625000 0.371875 0.687500 0.353125 0.687500 0.345313 0.675000 0.331250 0.654687 0.292187 0.643750 0.279687 0.631250 0.243750 0.612500 0.221875 0.592187 0.206250 0.559375 0.198437 0.554688 0.203125 0.565625 0.221875 0.557813 0.232813 0.539062 0.215625 0.528125 0.193750 0.520312 0.192188
0 0.476562 0.443750 0.482812 0.451562 0.489063 0.453125 0.526563 0.443750 0.551562 0.425000 0.565625 0.407813 0.600000 0.390625 0.634375 0.389062 0.643750 0.376563 0.654687 0.373437 0.654687 0.367188 0.642188 0.367188 0.621875 0.375000 0.570312 0.375000 0.540625 0.362500 0.526563 0.350000 0.517188 0.353125 0.512500 0.359375 0.503125 0.360938 0.484375 0.376563 0.475000 0.392188 0.471875 0.428125
